36.831926	127.176817
36.83109	127.17777
36.830545	127.180026
36.816518	127.133216
36.823949	127.134793
36.725587	127.140158
36.730031	127.144069
36.730789	127.144608
36.73467	127.140492
36.734799	127.134245
36.714364	127.115334
36.72148	127.11593
36.75544	127.12012
36.726414	127.104222
36.734378	127.095758
36.720802	127.119616
36.823459	127.162422
36.8368	127.1729
36.819795	127.161831
36.819786	127.161782
36.820953	127.161339
36.824539	127.160428
36.82027	127.160106
36.824808	127.161942
36.817581	127.159804
36.825666	127.161116
36.832694	127.166367
36.822953	127.161949
36.841245	127.130376
36.843976	127.106601
36.844069	127.107661
36.843754	127.107793
36.840932	127.122421
36.834075	127.133672
36.841305	127.122359
36.841398	127.123609
36.903112	127.162475
36.878733	127.114641
36.878138	127.149937
36.893364	127.12427
36.88211	127.154441
36.915439	127.225538
36.913804	127.219166
36.914856	127.225494
36.91205	127.241501
36.914055	127.220209
36.914875	127.227263
36.902073	127.223804
36.738833	127.151726
36.722314	127.118653
36.743699	127.102413
36.735304	127.111534
36.722263	127.117221
36.723893	127.117885
36.724432	127.118303
36.71625	127.132075
36.7549	127.127578
36.750532	127.131516
36.724771	127.139228
36.784418	127.167639
36.787774	127.148978
36.786856	127.148479
36.818031	127.153506
36.819464	127.15879
36.823739	127.16145
36.828354	127.185437
36.817184	127.150131
36.820091	127.15957
36.855098	127.121548
36.842048	127.124011
36.84002	127.136658
36.840315	127.137042
36.839733	127.101651
36.841357	127.123131
36.842259	127.101003
36.842205	127.101601
36.840804	127.131065
36.841173	127.131008
36.814211	127.140637
36.806688	127.145746
36.822612	127.140277
36.808146	127.143001
36.815882	127.140917
36.815518	127.14217
36.80554	127.144006
36.806515	127.144013
36.810535	127.134114
36.817259	127.141426
36.814699	127.145576
36.8061	127.1428
36.814722	127.14099
36.8087	127.1425
36.810263	127.139747
36.8104	127.1444
36.81045	127.14431
36.811	127.1451
36.813175	127.138032
36.813223	127.138039
36.804075	127.148885
36.797605	127.150365
36.806306	127.150341
36.8049	127.149996
36.812695	127.150731
36.800788	127.16124
36.807734	127.16368
36.802845	127.16202
36.806316	127.134832
36.816183	127.132022
36.811858	127.131295
36.813131	127.133401
36.811432	127.130843
36.799985	127.114667
36.79527	127.11372
36.788834	127.113741
36.802643	127.12385
36.802627	127.123901
36.801553	127.125568
36.801411	127.118315
36.7245	127.119319
36.72522	127.114865
36.74007	127.093003
36.748637	127.094565
36.736843	127.096934
36.758608	127.111546
36.72788	127.106395
36.732001	127.09684
36.716138	127.118369
36.755975	127.123763
36.788308	127.153295
36.789911	127.156065
36.79748	127.162051
36.785425	127.160038
36.78323	127.160632
36.782343	127.162455
36.787065	127.150026
36.796711	127.169003
36.688264	127.084987
36.708622	127.119497
36.695231	127.12319
36.704908	127.072617
36.681629	127.076113
36.703676	127.116454
36.694504	127.110808
36.657639	127.136228
36.695588	127.099741
36.677736	127.058891
36.670256	127.138544
36.689567	127.156824
36.706542	127.109931
36.69576	127.095626
36.821413	127.157268
36.821741	127.160031
36.685161	127.076465
36.823642	127.273
36.786696	127.258342
36.726633	127.250569
36.742559	127.221556
36.726488	127.252046
36.800633	127.129222
36.800097	127.128187
36.800228	127.130625
36.807099	127.130561
36.790894	127.122461
36.81355	127.152866
36.813687	127.161404
36.804242	127.154897
36.804432	127.153294
36.80508	127.13454
36.804899	127.135505
36.806013	127.135592
36.804101	127.121279
36.802176	127.122574
36.801941	127.123699
36.804296	127.118992
36.802509	127.121361
36.80392	127.119722
36.804013	127.119602
36.80446	127.121032
36.806502	127.119144
36.807662	127.118342
36.807401	127.119335
36.792839	127.118013
36.779233	127.152281
36.780092	127.153665
36.78459	127.149938
36.788216	127.151295
36.788004	127.15129
36.779283	127.139329
36.771201	127.137413
36.78088	127.145413
36.787334	127.150172
36.78862	127.155489
36.781901	127.157475
36.788797	127.156156
36.790178	127.159489
36.784881	127.165902
36.783873	127.16656
36.782983	127.169188
36.782398	127.169535
36.782733	127.170237
36.783299	127.169495
36.834146	127.152373
36.836436	127.14038
36.836164	127.140163
36.836086	127.140642
36.836777	127.140798
36.834371	127.152178
36.826095	127.128402
36.832764	127.13055
36.83283	127.130555
36.823756	127.155655
36.823759	127.155691
36.835604	127.172281
36.831306	127.171105
36.829515	127.169651
36.817616	127.16302
36.817538	127.164244
36.815508	127.161043
36.815461	127.161431
36.815624	127.16155
36.911768	127.13462
36.902755	127.131974
36.907767	127.146439
36.903378	127.139913
36.744429	127.102122
36.698867	127.11078
36.687846	127.157683
36.789581	127.123301
36.787263	127.113887
36.79823	127.120249
36.797549	127.115063
36.699414	127.114531
36.672763	127.044643
36.67231	127.0455
36.683084	127.063996
36.629222	127.154937
36.696315	127.102513
36.770393	127.26888
36.87016	127.267816
36.810955	127.276176
36.8009	127.1222
36.819872	127.121325
36.820793	127.120501
36.820524	127.122174
36.744864	127.235086
36.713486	127.25613
36.728817	127.260703
36.717724	127.237212
36.741268	127.222325
36.741264	127.222715
36.730086	127.237065
36.74402	127.229502
36.71968	127.25469
36.778905	127.16809
36.793592	127.157837
36.788276	127.149544
36.830897	127.129424
36.831866	127.1296
36.830941	127.131129
36.829861	127.133107
36.841062	127.136501
36.832944	127.1295
36.739245	127.221679
36.727481	127.24996
36.720818	127.234208
36.83195	127.136508
36.824868	127.140294
36.81951	127.14389
36.829794	127.140287
36.828044	127.147316
36.817075	127.137169
36.817066	127.137222
36.827597	127.147112
36.829761	127.134035
36.840172	127.135439
36.831861	127.131686
36.796618	127.150438
36.799411	127.135735
36.800123	127.141116
36.797943	127.138171
36.791255	127.135988
36.79266	127.139104
36.794881	127.149469
36.782295	127.139295
36.781767	127.13689
36.786247	127.132551
36.793222	127.134267
36.829766	127.133972
36.827594	127.135661
36.812174	127.131897
36.813469	127.130622
36.813164	127.13222
36.808624	127.135893
36.807391	127.137978
36.804328	127.13495
36.816779	127.132055
36.813547	127.133046
36.800708	127.139999
36.8071	127.117306
36.803883	127.122442
36.803917	127.122186
36.811776	127.128561
36.810386	127.127316
36.823835	127.126318
36.823726	127.126049
36.824166	127.126328
36.823867	127.126113
36.818526	127.119383
36.82128	127.120128
36.82075	127.122213
36.821992	127.127692
36.836428	127.12166
36.828018	127.116545
36.831049	127.12457
36.82877	127.121597
36.790284	127.163433
36.78327	127.161443
36.825867	127.118729
36.82413	127.115188
36.826176	127.116182
36.829157	127.121525
36.8267	127.123
36.829161	127.122938
36.828307	127.122905
36.805308	127.109942
36.803946	127.110965
36.753779	127.218774
36.74948	127.25696
36.749464	127.240852
36.743992	127.252492
36.831701	127.175224
36.821971	127.159629
36.815417	127.161714
36.823473	127.151077
36.823045	127.159559
36.821951	127.157262
36.832975	127.128123
36.843975	127.105562
36.854663	127.119729
36.843878	127.131242
36.725103	127.212557
36.735342	127.262045
36.725434	127.251504
36.743766	127.237372
36.738187	127.265415
36.751674	127.209423
36.754856	127.264332
36.708634	127.27389
36.827644	127.135666
36.828764	127.139229
36.828743	127.139228
36.824661	127.14696
36.822357	127.14093
36.821354	127.134576
36.772036	127.207906
36.776757	127.198906
36.808983	127.225047
36.819463	127.224731
36.767914	127.197219
36.76607	127.23092
36.751032	127.187556
36.795133	127.137574
36.795391	127.136372
36.79421	127.14368
36.797027	127.149399
36.789225	127.134631
36.789637	127.134402
36.79675	127.135566
36.823286	127.138098
36.820668	127.137767
36.824554	127.135073
36.819762	127.132471
36.829764	127.140101
36.803209	127.133309
36.803213	127.13335
36.804667	127.131105
36.798859	127.138788
36.801195	127.138592
36.786906	127.131189
36.791222	127.13631
36.79008	127.135879
36.788891	127.134915
36.796385	127.138005
36.772294	127.133054
36.786497	127.126497
36.790057	127.130828
36.831129	127.121553
36.821367	127.126192
36.827469	127.123494
36.827474	127.123548
36.837228	127.123472
36.818574	127.121226
36.81619	127.122678
36.826285	127.1212
36.826107	127.119714
36.826589	127.120822
36.805718	127.107916
36.81702	127.114659
36.791059	127.141148
36.788201	127.130055
36.770958	127.131942
36.803601	127.114973
36.818893	127.104299
36.805074	127.10452
36.803397	127.114492
36.797193	127.098092
36.813792	127.101914
36.813344	127.101766
36.813769	127.102989
36.80593	127.109616
36.849381	127.152327
36.798987	127.106792
36.79496	127.097288
36.799069	127.102326
36.825881	127.154607
36.830545	127.180026
36.916942	127.132798
36.951403	127.114438
36.950229	127.115658
36.91756	127.128731
36.919917	127.129404
36.949165	127.146266
36.836264	127.146281
36.835643	127.150705
36.757325	127.22657
36.77629	127.233664
36.776574	127.234096
36.769994	127.233644
36.724716	127.097876
36.720482	127.105039
36.733126	127.100254
36.72919	127.104369
36.733667	127.105376
36.734093	127.105121
36.724606	127.102635
36.730767	127.097023
36.778316	127.271811
36.787702	127.239483
36.770935	127.203864
36.759602	127.211216
36.759636	127.211643
36.748002	127.175338
36.778512	127.208001
36.80724	127.231286
36.78718	127.194877
36.769631	127.206293
36.824773	127.227596
36.770124	127.19619
36.760573	127.17696
36.830902	127.23359
36.790169	127.130842
36.79158	127.12952
36.791646	127.129518
36.804726	127.131117
36.80164	127.129596
36.80696	127.130052
36.808334	127.132004
36.800626	127.127321
36.800247	127.119767
36.802696	127.128356
36.802755	127.128369
36.795429	127.130875
36.810945	127.129683
36.809975	127.130253
36.812281	127.130303
36.77043	127.130483
36.770038	127.132598
36.774049	127.137028
36.774103	127.136933
36.779675	127.130728
36.779714	127.130025
36.777025	127.137114
36.792957	127.131677
36.792954	127.131566
36.777844	127.13345
36.788167	127.130727
36.788229	127.130733
36.777205	127.13593
36.769915	127.131376
36.793492	127.098199
36.807382	127.115584
36.811935	127.102896
36.804916	127.102815
36.802236	127.108272
36.802261	127.108448
36.771686	127.130983
36.790346	127.131418
36.775229	127.13798
36.7882	127.131245
36.788507	127.126357
36.836852	127.14371
36.835558	127.146948
36.836732	127.147675
36.802597	127.108457
36.806901	127.108252
36.819679	127.105821
36.818926	127.106358
36.816942	127.103967
36.815994	127.104216
36.948701	127.166496
36.924189	127.11459
36.92853	127.087258
36.91852	127.134015
36.914732	127.138142
36.917185	127.132085
36.847582	127.266626
36.78849	127.261335
36.861682	127.27315
36.878606	127.159416
36.880137	127.154362
36.880524	127.156404
36.880643	127.158582
36.882246	127.158715
36.88282	127.157317
36.86742	127.122628
36.8355	127.143661
36.83689	127.142046
36.837647	127.143707
36.837646	127.142084
36.740406	127.255762
36.741218	127.255507
36.73567	127.257306
36.739067	127.265616
36.759297	127.296426
36.799645	127.149113
36.871146	127.200148
36.874239	127.201698
36.876668	127.159986
36.877833	127.158431
36.871071	127.201245
36.833672	127.23579
36.773008	127.209703
36.797121	127.194695
36.745218	127.171111
36.78458	127.235608
36.800282	127.235185
36.809724	127.231917
36.73521	127.17184
36.781084	127.197159
36.775389	127.236574
36.806597	127.20463
36.862343	127.120376
36.861727	127.120159
36.86079	127.118705
36.862991	127.115371
36.741871	127.237177
36.732257	127.283612
36.762032	127.299529
36.7612	127.3141
36.765732	127.302144
36.764792	127.300864
36.777883	127.349243
36.777813	127.348817
36.798916	127.148929
36.798017	127.148133
36.815272	127.166565
36.825381	127.187389
36.812119	127.161782
36.798009	127.121317
36.796754	127.114486
36.793071	127.117353
36.792973	127.119161
36.791775	127.115057
36.797842	127.118829
36.788926	127.115622
36.795557	127.124092
36.810276	127.121505
36.789536	127.123653
36.786543	127.116818
36.762265	127.184988
36.769596	127.201546
36.769369	127.239362
36.768934	127.203675
36.772544	127.129105
36.772789	127.128694
36.776274	127.136932
36.777309	127.130354
36.772726	127.134021
36.774803	127.131232
36.777804	127.154023
36.792546	127.151086
36.780144	127.155615
36.792141	127.152719
36.792307	127.152866
36.780041	127.142576
36.780148	127.142645
36.804394	127.148081
36.805902	127.148118
36.793518	127.117905
36.788782	127.115794
36.804551	127.11805
36.791673	127.125489
36.787831	127.114892
36.799288	127.120305
36.796459	127.122544
36.800753	127.115181
36.791998	127.118148
36.787429	127.123984
36.780734	127.140205
36.775369	127.136235
36.795376	127.130518
36.790109	127.132621
36.791235	127.162872
36.792357	127.159174
36.784801	127.148575
36.792254	127.157866
36.791441	127.168924
36.815025	127.103133
36.809235	127.106798
36.804744	127.103502
36.810235	127.112788
36.836299	127.14132
36.837066	127.149412
36.833138	127.149427
36.83764	127.144803
36.831267	127.150205
36.831315	127.150238
36.865264	127.193996
36.77045	127.263203
36.769754	127.249006
36.850865	127.281781
36.770902	127.251897
36.853517	127.251466
36.868213	127.281387
36.720552	127.245749
36.726808	127.260967
36.750354	127.209576
36.756071	127.246438
36.730699	127.259209
36.738201	127.211913
36.735384	127.237532
36.712036	127.248316
36.904266	127.160857
36.859919	127.142247
36.860471	127.143153
36.8359	127.1479
36.849336	127.151041
36.834612	127.137413
36.831927	127.131199
36.83504	127.135901
36.835409	127.135792
36.838299	127.134356
36.81212	127.163081
36.813304	127.162726
36.800791	127.16132
36.871484	127.196344
36.878812	127.171922
36.912003	127.197234
36.871969	127.200577
36.877315	127.148612
36.87782	127.114006
36.877818	127.114634
36.753424	127.127306
36.747228	127.133837
36.753129	127.098639
36.799187	127.155363
36.803307	127.155435
36.804072	127.161262
36.802686	127.156088
36.804024	127.162702
36.803182	127.162722
36.783806	127.159048
36.78842	127.147644
36.787379	127.147085
36.785781	127.150959
36.783974	127.169285
36.782973	127.167037
36.795648	127.161617
36.778377	127.14048
36.797039	127.160028
36.792675	127.156259
36.796187	127.162833
36.8117	127.144073
36.804349	127.143502
36.809867	127.139635
36.81735	127.145648
36.814893	127.142811
36.815022	127.142246
36.817772	127.136294
36.817826	127.136213
36.81318	127.139134
36.813261	127.137077
36.799747	127.137151
36.797807	127.142768
36.788224	127.128481
36.794361	127.131199
36.788824	127.12803
36.838691	127.177405
36.829927	127.193354
36.829933	127.161921
36.844259	127.186758
36.832822	127.174148
36.829206	127.182884
36.837527	127.176053
36.841222	127.179257
36.842229	127.182869
36.842229	127.185953
36.845001	127.186223
36.791487	127.169997
36.795934	127.157558
36.78252	127.173013
36.798188	127.161873
36.924491	127.128681
36.917262	127.130684
36.943374	127.150581
36.91334	127.129391
36.955147	127.098024
36.909221	127.129197
36.927769	127.117373
36.913671	127.134222
36.91598	127.128812
36.833286	127.1904
36.8879	127.091936
36.899149	127.164386
36.897156	127.163796
36.875885	127.148821
36.875909	127.149
36.878946	127.153961
36.876938	127.150069
36.879662	127.14906
36.87029	127.1447
36.886692	127.121286
36.821008	127.188296
36.932343	127.134197
36.948799	127.134293
36.935085	127.178281
36.954513	127.186323
36.919849	127.220796
36.91286	127.223112
36.954191	127.177841
36.89953	127.218516
36.935552	127.19088
36.914928	127.223831
36.915223	127.223818
36.904974	127.213068
36.913438	127.221271
36.812616	127.134132
36.809015	127.138715
36.813301	127.135895
36.810011	127.134919
36.806145	127.134557
36.801628	127.134569
36.8048	127.142631
36.810776	127.138044
36.801255	127.142666
36.795979	127.149142
36.782801	127.140086
36.818231	127.160761
36.830234	127.162489
36.826786	127.160131
36.82286	127.15719
36.810091	127.155509
36.809623	127.162759
36.807698	127.162545
36.813651	127.163451
36.808964	127.167912
36.815147	127.181248
36.81687	127.175836
36.815012	127.182602
36.806905	127.16371
36.815028	127.178784
36.811721	127.16358
36.793649	127.129829
36.788885	127.124907
36.793313	127.133201
36.793298	127.133836
36.803612	127.159565
36.802431	127.154456
36.804498	127.156974
36.799479	127.163671
36.80475	127.158159
36.804445	127.163549
36.804448	127.161738
36.804953	127.163109
36.805952	127.163582
36.793516	127.16141
36.822232	127.156909
36.821905	127.156712
36.821086	127.156438
36.81682	127.15389
36.821958	127.157781
36.816613	127.153661
36.840299	127.175192
36.829124	127.163007
36.830904	127.160607
36.822645	127.154194
36.828562	127.159055
36.856604	127.178645
36.857011	127.188267
36.899055	127.201516
36.868877	127.198787
36.864832	127.198526
36.851982	127.184291
36.868078	127.219275
36.793217	127.134364
36.793125	127.13433
36.793214	127.133844
36.784684	127.12972
36.78946	127.12784
36.788999	127.127569
36.794415	127.132479
36.787641	127.128881
36.76997	127.128963
36.769494	127.129359
36.786331	127.126811
36.786349	127.126678
36.789547	127.131151
36.773539	127.128578
36.821298	127.150564
36.8403	127.1755
36.820924	127.159206
36.814556	127.158924
36.916362	127.129707
36.794168	127.152535
36.766678	127.149144
36.781327	127.16882
36.778175	127.157124
36.80248	127.167839
36.796082	127.160134
36.773288	127.147082
36.796499	127.158294
36.764151	127.139477
36.762449	127.15814
36.788597	127.168207
36.903905	127.094574
36.94116	127.121299
36.952978	127.123006
36.922825	127.093093
36.869753	127.202695
36.875915	127.2027
36.863795	127.196716
36.877695	127.15477
36.879383	127.161991
36.815844	127.148622
36.808121	127.150921
36.809109	127.151623
36.809122	127.151611
36.814278	127.152344
36.810462	127.161082
36.801407	127.156607
36.812847	127.161007
36.807274	127.15605
36.811523	127.161499
36.91847	127.135205
36.919356	127.130519
36.915997	127.127998
36.916573	127.140894
36.921461	127.105353
36.916111	127.127351
36.942192	127.157017
36.945961	127.138272
36.877408	127.14994
36.910411	127.184815
36.901336	127.165196
36.90721	127.182209
36.883437	127.173764
36.901136	127.159737
36.915114	127.131993
36.919872	127.132899
36.912648	127.132206
36.911642	127.142434
36.914298	127.133043
36.916739	127.111406
36.90357	127.107644
36.915338	127.129251
36.914261	127.22418
36.915117	127.258763
36.914929	127.259366
36.914497	127.226305
36.9114	127.2221
36.9149	127.2294
36.922216	127.210553
36.809101	127.156995
36.809116	127.159065
36.808015	127.160381
36.809496	127.160273
36.799019	127.146579
36.795876	127.14684
36.800108	127.143987
36.800638	127.143972
36.799166	127.143845
36.791311	127.139118
36.799181	127.143468
36.790169	127.140112
36.801277	127.141125
36.893653	127.170423
36.910631	127.182548
36.915173	127.222571
36.891948	127.231258
36.913726	127.229795
36.801471	127.156464
36.804395	127.160613
36.80148	127.161793
36.801879	127.162755
36.800424	127.157481
36.800047	127.158482
36.800105	127.161726
36.802704	127.16065
36.805492	127.162572
36.912846	127.221717
36.909864	127.219627
36.906061	127.230564
36.906205	127.230623
36.898651	127.216153
36.933114	127.177234
36.815716	127.133535
36.814537	127.133903
36.810861	127.135676
36.804491	127.133619
36.806592	127.134173
36.805344	127.138279
36.806797	127.139795
36.814428	127.130734
36.800193	127.136151
36.841039	127.177739
36.840966	127.177789
36.818215	127.161793
36.821037	127.153541
36.819193	127.161806
36.816258	127.154436
36.83851	127.175683
36.831186	127.174447
36.816577	127.158823
36.819324	127.16335
36.81759	127.152694
36.81962	127.161122
36.879853	127.162226
36.880095	127.162243
36.801307	127.160606
36.799883	127.154151
36.803527	127.161654
36.778039	127.13232
36.777962	127.13384
36.794872	127.130078
36.793722	127.133819
36.790234	127.125564
36.78642	127.123644
36.775889	127.13335
36.791648	127.130546
36.775827	127.138452
36.77895	127.117714
36.803815	127.139324
36.810713	127.137207
36.807878	127.136296
36.809587	127.135856
36.797729	127.160913
36.778375	127.166041
36.780128	127.156361
36.793169	127.160086
36.779184	127.167361
36.78928	127.174301
36.7873	127.152797
36.775517	127.143616
36.79009	127.167359
36.878114	127.150831
36.874722	127.136784
36.874787	127.13679
36.900532	127.163552
36.879121	127.149689
36.904421	127.164495
36.87686	127.114704
36.906199	127.181913
36.909156	127.171977
36.898179	127.142919
36.866287	127.128047
36.880316	127.153013
36.886071	127.152122
36.887722	127.175772
36.89433	127.138255
36.808192	127.161684
36.80801	127.156708
36.799334	127.162796
36.784125	127.11339
36.91918	127.135955
36.963743	127.154601
36.956757	127.130324
36.904523	127.11275
36.918307	127.136328
36.925657	127.118212
36.898179	127.108974
36.957027	127.105452
36.91704	127.139919
36.920922	127.136912
36.919753	127.125595
36.939303	127.138768
36.917094	127.134369
36.92272	127.119063
36.90139	127.130744
36.912325	127.141831
36.914967	127.133754
36.911868	127.222248
36.797926	127.157418
36.910028	127.128554
36.922335	127.138557
36.903387	127.109608
36.911577	127.134083
36.91385	127.131729
36.939125	127.140663
36.914354	127.14264
36.910093	127.101724
36.951376	127.104368
36.951281	127.104385
36.91328	127.21764
36.813684	127.159963
36.812457	127.160255
36.808323	127.157913
36.812897	127.159489
36.813404	127.159094
36.8112	127.159996
36.79043	127.148512
36.801254	127.14425
36.781625	127.135612
36.792356	127.145853
36.801882	127.143508
36.895623	127.236487
36.913353	127.223364
36.91001	127.217562
36.91155	127.206307
36.895623	127.262678
36.912329	127.213639
36.913918	127.245468
36.917455	127.201719
36.951946	127.195315
36.921932	127.19247
36.912818	127.210666
36.95637	127.181791
36.940581	127.17954
36.925863	127.188339
36.935696	127.194924
36.802108	127.155288
36.801796	127.15399
36.803582	127.163488
36.812179	127.142039
36.817047	127.133356
36.8154	127.136309
36.819989	127.142402
36.821261	127.141398
36.819083	127.136516
36.813016	127.143779
36.808846	127.141735
36.817091	127.143854
36.815839	127.145947
36.81759	127.137948
36.828581	127.135266
36.818017	127.139538
36.817198	127.140126
36.816097	127.131296
36.807507	127.138683
36.789465	127.146592
36.795559	127.14956
36.797951	127.136498
36.792411	127.142877
36.799602	127.144722
36.800701	127.141119
36.813731	127.158925
36.816235	127.157033
36.816696	127.156394
36.83109	127.17777
36.820419	127.15293
36.803987	127.156958
36.803138	127.157538
36.805217	127.161723
36.798268	127.15267
36.798583	127.152777
36.798948	127.152769
36.801167	127.157956
36.800354	127.155325
36.778335	127.125121
36.774241	127.124422
36.773076	127.138621
36.786362	127.126487
36.783304	127.142917
36.785887	127.133323
36.791027	127.125673
36.804273	127.135513
36.803826	127.137175
36.800149	127.132394
36.803564	127.132751
36.810814	127.135095
36.802053	127.133085
36.800548	127.132192
36.802573	127.137905
36.80173	127.13592
36.814893	127.131532
36.791051	127.158359
36.79484	127.153803
36.79173	127.1505
36.790302	127.152082
36.796046	127.153856
36.81538	127.155016
36.816194	127.158911
36.815294	127.164359
36.819983	127.151064
36.814585	127.159972
36.878463	127.098412
36.891706	127.127216
36.884943	127.107051
36.878376	127.123393
36.878924	127.153195
36.889493	127.129567
36.892116	127.16992
36.870592	127.146839
36.866274	127.136957
36.873773	127.135271
36.868223	127.100469
36.900986	127.167408
36.875419	127.138218
36.871406	127.145683
36.794011	127.128745
36.78129	127.142189
36.776339	127.139171
36.777578	127.136882
36.796967	127.162882
36.909459	127.12203
36.921465	127.136251
36.949485	127.14048
36.955132	127.127672
36.93899	127.153535
36.915602	127.101702
36.965852	127.119346
36.966742	127.118168
36.919509	127.134072
36.915208	127.131283
36.798202	127.157414
36.793789	127.150832
36.796883	127.160789
36.797431	127.158846
36.766427	127.138322
36.7845	127.17054
36.784856	127.170293
36.786221	127.160256
36.921123	127.135818
36.919016	127.137749
36.94	127.127477
36.957875	127.102526
36.918509	127.131314
36.900418	127.18687
36.869869	127.143844
36.902311	127.164123
36.896937	127.165482
36.810827	127.160524
36.811127	127.167941
36.810107	127.163879
36.807259	127.159947
36.807192	127.15313
36.807228	127.157935
36.81084	127.162766
36.808847	127.163034
36.808813	127.163062
36.807642	127.16037
36.915207	127.131478
36.962257	127.135663
36.903481	127.10284
36.918418	127.127318
36.920662	127.133873
36.901662	127.222701
36.907627	127.229377
36.914399	127.222026
36.921486	127.188616
36.95135	127.181184
36.914602	127.221772
36.921846	127.21349
36.9012	127.25965
36.912015	127.208117
36.932596	127.197128
36.87072	127.1553
36.866489	127.184031
36.878352	127.205005
36.855072	127.185381
36.91166	127.204167
36.878094	127.175092
36.851575	127.176682
36.81704	127.141132
36.812629	127.137912
36.804283	127.144583
36.804366	127.145725
36.809843	127.143923
36.806869	127.141767
36.821177	127.138421
36.803329	127.145421
36.797952	127.13856
36.802271	127.139566
36.799549	127.139662
36.793473	127.146183
36.796196	127.150463
36.803545	127.146019
36.793597	127.147491
36.799123	127.146067
36.795194	127.146121
36.799208	127.144704
36.829347	127.16745
36.84052	127.176306
36.908509	127.25039
36.924768	127.218586
36.905638	127.219845
36.80239	127.159552
36.805569	127.160528
36.805583	127.160493
36.800553	127.162343
36.800844	127.156555
36.803508	127.155159
36.80318	127.156392
36.815555	127.142865
36.809714	127.141418
36.815125	127.147213
36.82471	127.149958
36.814144	127.142504
36.809724	127.134172
36.805737	127.140373
36.804327	127.138023
36.805798	127.133238
36.809764	127.138124
36.811318	127.136599
36.805042	127.133738
36.806328	127.138539
36.80631	127.138769
36.812418	127.136417
36.801719	127.132478
36.816535	127.130317
36.818139	127.158925
36.839736	127.178947
36.817985	127.150779
36.817021	127.152043
36.82089	127.154138
36.817302	127.152676
36.82186	127.153621
36.815036	127.160829
36.838023	127.174134
36.818597	127.161037
36.880751	127.1226
36.88574	127.143544
36.865962	127.111466
36.794527	127.162198
36.787622	127.161817
36.784611	127.168513
36.785742	127.166744
36.784391	127.165238
36.783174	127.164955
36.787912	127.161259
36.785016	127.161282
36.785391	127.155745
36.782903	127.154907
36.788782	127.155608
36.785386	127.159554
36.782712	127.161137
36.786383	127.150661
36.789491	127.156814
36.911869	127.1269
36.802711	127.133242
36.788382	127.163526
36.791235	127.152638
36.784023	127.171214
36.788918	127.146991
36.784664	127.174456
36.781711	127.158386
36.794837	127.160868
36.795307	127.16383
36.797086	127.153601
36.797233	127.159424
36.798018	127.153494
36.788222	127.162371
36.797373	127.159985
36.872414	127.206258
36.894242	127.143375
36.896321	127.143281
36.874774	127.129719
36.891095	127.124934
36.895208	127.139956
36.889853	127.168066
36.887071	127.151555
36.887941	127.091083
36.807643	127.160369
36.81264	127.173244
36.813668	127.164247
36.813446	127.174996
36.81701	127.172721
36.815622	127.169851
36.806672	127.156934
36.916859	127.129944
36.914481	127.126507
36.945572	127.161531
36.9175	127.129513
36.919888	127.135829
36.920018	127.135564
36.932769	127.080828
36.945873	127.169054
36.938182	127.122828
36.91333	127.142491
36.909951	127.243094
36.921285	127.252156
36.911942	127.221428
36.910869	127.221256
36.851062	127.175356
36.877257	127.182382
36.871286	127.148938
36.88678	127.206641
36.886533	127.192653
36.878174	127.204549
36.9108	127.191223
36.867846	127.196415
36.85721	127.186698
36.872345	127.194568
36.901062	127.194319
36.851381	127.183211
36.889418	127.209326
36.900421	127.187659
36.883183	127.207445
36.892688	127.197962
36.814438	127.146207
36.806627	127.156755
36.808643	127.15597
36.810494	127.162786
36.809053	127.161651
36.809209	127.161667
36.800682	127.137274
36.801811	127.140181
36.801785	127.141824
36.799219	127.141445
36.79861	127.13786
36.79977	127.134964
36.933267	127.178959
36.884845	127.233317
36.914397	127.222139
36.914563	127.222213
36.914772	127.223989
36.910279	127.249921
36.916295	127.225399
36.913896	127.203532
36.805173	127.152801
36.80122	127.154324
36.803611	127.156858
36.799227	127.156682
36.801467	127.163587
36.821427	127.101808
36.818978	127.103065
36.817929	127.1084
36.674171	127.144814
36.702128	127.070883
36.699769	127.098559
36.678537	127.062081
36.644217	127.142819
36.695374	127.090879
36.696518	127.125368
36.686603	127.156037
36.658839	127.077644
36.832753	127.142772
36.843315	127.153237
36.837812	127.146277
36.837801	127.144966
36.83685	127.155309
36.830857	127.142552
36.857624	127.158067
36.835081	127.148313
36.837894	127.138966
36.814085	127.144474
36.815312	127.136846
36.812487	127.144642
36.800463	127.15164
36.801266	127.148814
36.801547	127.146998
36.803555	127.146741
36.801772	127.148647
36.809931	127.149982
36.795962	127.15119
36.798732	127.151261
36.807095	127.148464
36.802665	127.148573
36.804214	127.151509
36.804208	127.147078
36.803959	127.146956
36.653407	127.125339
36.855069	127.266455
36.719048	127.21284
36.703326	127.275168
36.732132	127.28359
36.740316	127.318862
36.740347	127.318869
36.740266	127.31885
36.740228	127.31884
36.780926	127.357107
36.83562	127.153957
36.852397	127.159103
36.832322	127.141747
36.835479	127.145523
36.838164	127.107506
36.833386	127.131153
36.841562	127.133883
36.83156	127.135701
36.695134	127.101423
36.661161	127.11431
36.783804	127.169844
36.821124	127.166081
36.826283	127.154371
36.911384	127.130181
36.917417	127.138186
36.916722	127.13108
36.911933	127.127567
36.954272	127.173828
36.918815	127.127778
36.849655	127.186424
36.857667	127.183466
36.819985	127.132223
36.807889	127.142518
36.817989	127.134746
36.804055	127.145314
36.812136	127.138623
36.816418	127.141176
36.81056	127.14012
36.816975	127.133933
36.812754	127.134696
36.812378	127.13529
36.8028	127.142121
36.805569	127.136804
36.813749	127.131783
36.809675	127.137269
36.81269	127.135653
36.812322	127.137151
36.802722	127.153609
36.790334	127.117935
36.79081	127.114726
36.791429	127.115869
36.794375	127.12233
36.800445	127.120092
36.790615	127.113912
36.791704	127.123737
36.788995	127.115363
36.794334	127.11607
36.792383	127.121643
36.797277	127.118449
36.796133	127.121039
36.792392	127.118338
36.792338	127.117586
36.792339	127.117705
36.853789	127.161718
36.853956	127.161663
36.854057	127.162169
36.85171	127.11446
36.85116	127.12582
36.819854	127.14021
36.819163	127.139428
36.824526	127.135043
36.824668	127.148408
36.824741	127.148754
36.828557	127.140251
36.827996	127.141013
36.819673	127.133993
36.811925	127.140406
36.824313	127.139195
36.824882	127.135641
36.829134	127.135298
36.828058	127.136884
36.822337	127.138527
36.824908	127.14218
36.823828	127.146235
36.801717	127.125223
36.804196	127.131335
36.806035	127.128873
36.801698	127.129556
36.80302	127.129884
36.795499	127.132337
36.806767	127.130471
36.797388	127.131917
36.799283	127.13338
36.818561	127.100927
36.817079	127.106294
36.815799	127.107902
36.808093	127.138074
36.805467	127.141964
36.808586	127.136225
36.806159	127.141582
36.804753	127.140209
36.795979	127.159582
36.790534	127.154292
36.797895	127.163812
36.831268	127.163144
36.827283	127.158808
36.818186	127.15765
36.817182	127.157139
36.916317	127.132529
36.838827	127.178517
36.74695	127.17986
36.760408	127.174782
36.760423	127.178447
36.786847	127.234985
36.773814	127.215543
36.820749	127.141267
36.821072	127.142676
36.81466	127.139832
36.835703	127.138957
36.835677	127.140029
36.865666	127.131119
36.85589	127.131239
36.838621	127.143743
36.850359	127.147945
36.830867	127.151562
36.83507	127.132907
36.830012	127.143207
36.914286	127.128215
36.911409	127.128317
36.920502	127.127923
36.830888	127.106315
36.82165	127.127498
36.834828	127.120595
36.828981	127.12474
36.834005	127.121817
36.825316	127.115363
36.827404	127.115984
36.82488	127.109966
36.82289	127.119645
36.82321	127.122384
36.826498	127.114265
36.798544	127.142188
36.785002	127.115014
36.815847	127.100192
36.81336	127.105171
36.812792	127.106995
36.812865	127.100766
36.769252	127.251138
36.853045	127.249762
36.835086	127.268119
36.851551	127.284506
36.754439	127.220494
36.841451	127.181133
36.822506	127.155635
36.849818	127.18351
36.87497	127.175695
36.874948	127.175529
36.876969	127.19988
36.869986	127.199833
36.875471	127.177036
36.885549	127.197928
36.88556	127.197825
36.869965	127.171251
36.877857	127.187271
36.89044	127.199433
36.904232	127.210285
36.873664	127.210382
36.866504	127.194952
36.859071	127.187639
36.82281	127.138928
36.816524	127.137178
36.824217	127.136402
36.798035	127.134758
36.756998	127.118594
36.743535	127.158768
36.741796	127.138731
36.757832	127.103087
36.757961	127.103171
36.721416	127.118162
36.758949	127.117412
36.68443	127.15729
36.923866	127.118575
36.917682	127.140525
36.920953	127.12166
36.877978	127.157213
36.871946	127.162881
36.870247	127.173562
36.846258	127.180782
36.791045	127.118009
36.792713	127.125995
36.79479	127.12308
36.798941	127.123121
36.798996	127.119587
36.784647	127.114039
36.781684	127.177196
36.781749	127.177195
36.826714	127.166122
36.838824	127.158667
36.953544	127.176729
36.963342	127.122282
36.963139	127.122422
36.928514	127.087261
36.932012	127.082751
36.931907	127.082588
36.843001	127.177315
36.842967	127.177345
36.8714	127.200297
36.86012	127.12076
36.83417	127.12954
36.81664	127.18428
36.81564	127.18161
36.726004	127.24961
36.742567	127.234427
36.743099	127.234648
36.749969	127.215054
36.745587	127.230722
36.70906	127.246483
36.723104	127.264155
36.747467	127.300394
36.88687	127.171367
36.879953	127.11592
36.911684	127.239938
36.89838	127.226691
36.814681	127.141113
36.813714	127.137133
36.823063	127.136456
36.824312	127.145067
36.860965	127.183948
36.816416	127.144937
36.818444	127.145323
36.804774	127.143317
36.816639	127.145799
36.811891	127.143148
36.807775	127.141613
36.813079	127.142668
36.818433	127.131746
36.813622	127.143674
36.808038	127.141038
36.674205	127.145887
36.695964	127.103907
36.696122	127.104332
36.673944	127.038537
36.695878	127.118265
36.672744	127.050241
36.833371	127.172836
36.822431	127.162461
36.818188	127.15639
36.823491	127.163001
36.822514	127.150081
36.822591	127.150111
36.82453	127.162723
36.829067	127.187506
36.82906	127.187574
36.824292	127.162275
36.796855	127.120716
36.794819	127.12367
36.800278	127.1211
36.792162	127.113471
36.798142	127.117445
36.792469	127.11544
36.791698	127.117076
36.838475	127.148834
36.837137	127.131509
36.826511	127.130888
36.834795	127.131242
36.838349	127.132966
36.834299	127.135008
36.83697	127.136016
36.831532	127.134071
36.7929	127.15551
36.79268	127.15642
36.80087	127.19592
36.91812	127.12522
36.93791	127.08903
36.94611	127.14948
36.81146	127.10736
36.823718	127.143327
36.824284	127.143004
36.813349	127.134787
36.823494	127.137615
36.821976	127.137292
36.819718	127.138154
36.810165	127.131193
36.793101	127.127321
36.799809	127.119666
36.807356	127.132004
36.8044	127.130145
36.806908	127.129578
36.799667	127.131335
36.80563	127.131636
36.798892	127.13348
36.808463	127.131475
36.798648	127.132349
36.810341	127.138798
36.800624	127.133831
36.804404	127.140984
36.809014	127.139773
36.811056	127.138693
36.807637	127.136752
36.808303	127.139636
36.814296	127.132535
36.803575	127.140605
36.818146	127.162993
36.818694	127.161875
36.81766	127.164254
36.769448	127.202224
36.773269	127.234697
36.777373	127.208297
36.781385	127.234806
36.788128	127.23643
36.725122	127.118341
36.737647	127.150367
36.744671	127.103335
36.725706	127.119131
36.734174	127.123056
36.832436	127.135731
36.853345	127.160504
36.839766	127.099681
36.870226	127.11884
36.869614	127.125217
36.879294	127.151448
36.898894	127.168427
36.894156	127.137104
36.913316	127.212356
36.912976	127.211638
36.91436	127.229933
36.903639	127.240079
36.821293	127.132546
36.82619	127.144556
36.826741	127.144633
36.83044	127.135534
36.826559	127.113723
36.822977	127.113174
36.830504	127.127253
36.810103	127.109712
36.806826	127.110179
36.803639	127.106312
36.802965	127.109411
36.804591	127.107668
36.796684	127.13371
36.811992	127.101847
36.811014	127.101228
36.811018	127.102279
36.810804	127.104634
36.81035	127.106239
36.809515	127.101612
36.808895	127.103812
36.816191	127.160786
36.817209	127.155181
36.819579	127.162187
36.82448	127.15766
36.831926	127.176817
36.837219	127.174723
36.818751	127.156377
36.819846	127.150781
36.879315	127.158506
36.879282	127.159102
36.868548	127.170202
36.873214	127.210664
36.863372	127.195727
36.878841	127.204296
36.803351	127.147862
36.8019	127.146464
36.801303	127.151714
36.798759	127.148476
36.80056	127.148
36.799998	127.147002
36.799925	127.148501
36.799475	127.148079
36.799	127.1472
36.7994	127.1486
36.799254	127.149666
36.798476	127.14886
36.798507	127.148047
36.812822	127.141453
36.818066	127.140792
36.794046	127.121337
36.794358	127.122016
36.793652	127.121818
36.790958	127.116308
36.785059	127.114228
36.790118	127.115248
36.797096	127.123948
36.794929	127.121623
36.797339	127.121008
36.796978	127.121835
36.803127	127.108615
36.799252	127.100322
36.898325	127.183632
36.899716	127.182004
36.86434	127.103671
36.888796	127.090736
36.887625	127.14151
36.887637	127.14154
36.914705	127.260728
36.918648	127.223164
36.923801	127.236273
36.923731	127.236464
36.818533	127.14819
36.827095	127.133118
36.827095	127.133167
36.825117	127.145241
36.801303	127.131789
36.801282	127.131443
36.755863	127.314079
36.763845	127.299846
36.763431	127.297177
36.779351	127.29584
36.814721	127.363807
36.772494	127.379633
36.802335	127.163544
36.802814	127.154353
36.802705	127.132702
36.81101	127.13603
36.80227	127.120432
36.822134	127.112955
36.83839	127.119988
36.885854	127.198077
36.889169	127.187382
36.890566	127.186406
36.902889	127.200595
36.90131	127.198556
36.90139	127.198367
36.814659	127.143572
36.81382	127.138584
36.815631	127.144192
36.811017	127.142374
36.816825	127.140341
36.805409	127.145232
36.817441	127.131495
36.797497	127.149023
36.796974	127.151206
36.799374	127.150107
36.804967	127.150817
36.810807	127.150343
36.814459	127.150024
36.813145	127.15427
36.813254	127.157591
36.814769	127.150934
36.81618	127.15159
36.813918	127.156857
36.809858	127.151915
36.814825	127.152985
36.811533	127.152704
36.815806	127.151968
36.811753	127.151062
36.836094	127.137565
36.827024	127.129972
36.835418	127.135426
36.837974	127.13092
36.858608	127.134971
36.836534	127.135835
36.839057	127.10228
36.830817	127.13394
36.843679	127.1338
36.831507	127.137161
36.834669	127.13431
36.833351	127.135703
36.838792	127.131476
36.838881	127.131654
36.841905	127.131407
36.813838	127.13568
36.80166	127.12073
36.84597	127.32026
36.80355	127.1244
36.8089	127.14236
36.80281	127.15438
36.6777	127.05885
36.79306	127.09865
36.818821	127.110706
36.818863	127.110626
36.795963	127.099329
36.783395	127.156967
36.830336	127.179034
36.795609	127.194032
36.781	127.233311
36.835935	127.219845
36.828648	127.133815
36.80922	127.104315
36.811529	127.107046
36.813886	127.10813
36.806645	127.106254
36.838665	127.140846
36.854124	127.162978
36.832018	127.144469
36.809259	127.132388
36.804647	127.128412
36.799221	127.135104
36.802029	127.130952
36.804672	127.132309
36.816888	127.138498
36.810169	127.145332
36.813018	127.145095
36.811722	127.151327
36.816435	127.149479
36.81353	127.150487
36.813254	127.155045
36.815119	127.149231
36.81074	127.150714
36.808915	127.150286
36.81488	127.152226
36.812055	127.149637
36.816512	127.151387
36.816487	127.149954
36.809752	127.151129
36.818448	127.135833
36.827256	127.135255
36.829131	127.143276
36.820394	127.139774
36.824605	127.140683
36.820584	127.139418
36.805264	127.130446
36.803565	127.129946
36.794224	127.121701
36.80418	127.120768
36.806819	127.118907
36.801546	127.121883
36.8197	127.144224
36.819773	127.143913
36.820923	127.135357
36.821542	127.139883
36.821516	127.14
36.819184	127.140776
36.819883	127.137302
36.821937	127.134447
36.792342	127.097908
36.799943	127.104
36.800205	127.10627
36.804534	127.129172
36.803413	127.128119
36.808323	127.129312
36.800705	127.130808
36.809442	127.131825
36.808004	127.105519
36.806972	127.105265
36.805396	127.102966
36.802154	127.10344
36.815923	127.113681
36.82092	127.104599
36.808585	127.151953
36.808588	127.151852
36.814044	127.154354
36.814674	127.148913
36.730667	127.281182
36.720159	127.287265
36.747284	127.301115
36.731387	127.287306
36.719859	127.277301
36.726959	127.280337
36.729653	127.296043
36.707608	127.283832
36.729288	127.27675
36.739411	127.272366
36.731651	127.297081
36.730393	127.296634
36.74034	127.296337
36.70206	127.27615
36.803508	127.125229
36.807285	127.117769
36.801379	127.121382
36.80049	127.12556
36.80107	127.11851
36.801616	127.119631
36.845788	127.109205
36.858807	127.120581
36.842592	127.10362
36.847097	127.11845
36.835792	127.130821
36.800819	127.107665
36.800373	127.108435
36.798285	127.108037
36.802057	127.107042
36.803416	127.110771
36.823179	127.109439
36.823137	127.108688
36.834073	127.116236
36.833804	127.116823
36.801238	127.104642
36.800886	127.111604
36.832885	127.140862
36.8331	127.148531
36.836569	127.149712
36.837032	127.150625
36.797803	127.13995
36.791747	127.141962
36.800075	127.142724
36.797147	127.147762
36.791111	127.137668
36.771423	127.132593
36.776734	127.131522
36.774579	127.128035
36.724903	127.272641
36.731436	127.280231
36.708547	127.297926
36.751707	127.297364
36.721719	127.287402
36.746686	127.290869
36.739145	127.271828
36.704854	127.273633
36.753108	127.29557
36.727685	127.265032
36.7291	127.27945
36.730015	127.280586
36.835839	127.129589
36.827396	127.129455
36.832752	127.132755
36.794746	127.125694
36.794765	127.117331
36.788819	127.117002
36.807802	127.127207
36.822595	127.126683
36.818455	127.107116
36.799337	127.102025
36.817558	127.099922
36.82952	127.152188
36.829513	127.152124
36.866314	127.149619
36.811987	127.148218
36.799282	127.161205
36.765578	127.236017
36.722732	127.117343
36.722718	127.115689
36.74953	127.096156
36.698682	127.117603
36.7699	127.251458
36.795765	127.267861
36.797448	127.266013
36.799437	127.268428
36.790984	127.127428
36.778523	127.132649
36.786443	127.155173
36.796691	127.161789
36.856625	127.143836
36.834697	127.129554
36.84041	127.130033
36.742684	127.234017
36.826997	127.155292
36.919947	127.219613
36.814831	127.136741
36.792321	127.121217
36.77205	127.234685
36.76999	127.20049
36.762529	127.304705
36.761088	127.298901
36.795344	127.318777
36.766781	127.28416
36.758207	127.296374
36.767976	127.283429
36.757737	127.304105
36.762624	127.298421
36.762603	127.29824
36.762296	127.300527
36.780835	127.317827
36.756624	127.315894
36.755168	127.322333
36.757238	127.284537
36.758056	127.264686
36.81028	127.105864
36.812189	127.110154
36.810725	127.110598
36.801914	127.121599
36.803353	127.126503
36.802624	127.119828
36.827696	127.116489
36.823074	127.125204
36.830511	127.123423
36.822828	127.127631
36.826719	127.120728
36.829681	127.117451
36.865829	127.236469
36.740771	127.238945
36.82632	127.142796
36.824015	127.137861
36.824071	127.140623
36.822076	127.142927
36.821901	127.144276
36.819067	127.13801
36.819245	127.138023
36.802401	127.127905
36.798605	127.131685
36.802826	127.131083
36.802153	127.129526
36.797716	127.133334
36.808112	127.130762
36.799169	127.132643
36.809194	127.129605
36.796009	127.128807
36.837396	127.140054
36.834213	127.140142
36.834788	127.138957
36.784056	127.315623
36.748365	127.311382
36.827633	127.315705
36.764416	127.299334
36.763103	127.311653
36.768225	127.307282
36.765058	127.311771
36.76566	127.288055
36.742822	127.316854
36.759945	127.266448
36.770576	127.335766
36.797593	127.370046
36.781034	127.356711
36.779522	127.353039
36.775989	127.344761
36.83126	127.126127
36.832417	127.131092
36.849782	127.120044
36.832599	127.134014
36.835836	127.132314
36.851083	127.113996
36.840636	127.102175
36.835464	127.131398
36.83507	127.132907
36.838328	127.136037
36.830741	127.135531
36.819535	127.132536
36.80892	127.108008
36.809911	127.102409
36.799387	127.107207
36.8042	127.109609
36.801152	127.106545
36.81556	127.10127
36.803053	127.10705
36.803115	127.110688
36.812016	127.111921
36.802217	127.111919
36.809424	127.111274
36.80264	127.111173
36.824166	127.102279
36.813828	127.146538
36.829199	127.109304
36.820319	127.123287
36.836816	127.138995
36.831829	127.147202
36.832172	127.149514
36.854478	127.159758
36.843427	127.158051
36.833107	127.153843
36.844135	127.149512
36.835631	127.142549
36.83553	127.142571
36.835122	127.149346
36.820893	127.152009
36.819031	127.155255
36.81436	127.160914
36.792393	127.369296
36.78011	127.365605
36.762329	127.39782
36.75792	127.415715
36.76637	127.345098
36.777473	127.351264
36.806512	127.371672
36.773516	127.381182
36.762884	127.411096
36.768509	127.335213
36.762669	127.337597
36.779096	127.364248
36.791925	127.366928
36.777257	127.3813
36.79499	127.385194
36.804758	127.35443
36.761998	127.397512
36.803475	127.372998
36.773461	127.372648
36.849904	127.155213
36.833709	127.13811
36.832129	127.148733
36.832533	127.139078
36.855311	127.15225
36.84332	127.153736
36.838668	127.153736
36.859714	127.136004
36.862517	127.161907
36.83562	127.153957
36.81294	127.145795
36.810861	127.143259
36.820372	127.123001
36.824059	127.126046
36.788552	127.196151
36.77362	127.237209
36.771762	127.238142
36.827496	127.229566
36.778132	127.246627
36.775223	127.24335
36.800895	127.22958
36.752517	127.217211
36.746866	127.210964
36.726808	127.213601
36.767494	127.304788
36.816137	127.153104
36.842178	127.18188
36.82678	127.155451
36.91528	127.12653
36.915688	127.128565
36.958072	127.144541
36.821026	127.157362
36.801241	127.102861
36.800854	127.102952
36.819859	127.109984
36.855712	127.120507
36.79306	127.09865
36.797792	127.128927
36.797626	127.129217
36.767863	127.414736
36.751179	127.401454
36.768614	127.386462
36.764976	127.323841
36.800126	127.149602
36.809554	127.148028
36.808744	127.147765
36.811136	127.148746
36.800579	127.152035
36.802096	127.151791
36.800139	127.148002
36.803586	127.152638
36.802014	127.150574
36.805326	127.151536
36.807962	127.148988
36.810841	127.143201
36.813438	127.146607
36.810365	127.142138
36.816657	127.135921
36.81438	127.136012
36.824706	127.14368
36.823879	127.145619
36.825005	127.138097
36.819173	127.141949
36.821694	127.124753
36.82	127.122831
36.822154	127.124267
36.821703	127.123267
36.75725	127.317622
36.764395	127.312404
36.803937	127.149611
36.803969	127.139983
36.78797	127.11934
36.777848	127.125486
36.786473	127.117717
36.797535	127.157966
36.820981	127.137011
36.827156	127.133779
36.819974	127.135132
36.828177	127.13853
36.79943	127.129019
36.804132	127.129238
36.797244	127.120577
36.797343	127.122549
36.797989	127.118518
36.801297	127.118734
36.791562	127.117623
36.796404	127.125444
36.789111	127.114599
36.790044	127.116646
36.799033	127.118304
36.799422	127.118798
36.828213	127.15063
36.828154	127.150719
36.862443	127.146141
36.833209	127.152567
36.796997	127.152066
36.80993	127.153885
36.804495	127.147889
36.804629	127.14791
36.79992	127.152048
36.809056	127.149527
36.811577	127.149499
36.800468	127.151144
36.803611	127.151462
36.800247	127.151483
36.800499	127.150147
36.817919	127.120102
36.826227	127.115592
36.824446	127.113747
36.831167	127.111891
36.822148	127.125604
36.819585	127.119892
36.782797	127.194285
36.751517	127.16808
36.751548	127.168114
36.751577	127.168149
36.767282	127.193666
36.768367	127.231325
36.76839	127.231283
36.768415	127.231235
36.72367	127.146815
36.763657	127.12901
36.752219	127.11733
36.657929	127.041776
36.687584	127.081776
36.820927	127.144055
36.829221	127.138683
36.808496	127.14842
36.827853	127.14295
36.819779	127.140872
36.822751	127.103721
36.822154	127.106889
36.821799	127.109535
36.820347	127.107307
36.82251	127.102047
